town
-6 -60 112
-6 60 94
-6 -60 76
-6 -60 130
-6 -60 148
-6 -60 166
x=4
..

-11 157
-11 139
-11 121
-11 103
-11 85
x=9
..

19 85
19 103
19 121
19 139
19 157
x=-21
..

-26 148
-26 130
-26 112
-26 94
x=23
..

-36 94
-36 112
-36 130
-36 148
x=33
..

38 139
38 121
38 103
x=-41
..

road

-1 -60 112
-1 60 94
-1 -60 76
-1 -60 130
-1 -60 148
-1 -60 166

6 81
6 89
6 98
6 107
6 116
6 125
6 134
6 143
6 152
6 161

-9 81
-9 89
-9 98
-9 107
-9 116
-9 127
-9 134
-9 144
-9 152
-9 161

-16 85
-16 103
-16 121
-16 139
-16 157
x=14
..

-24 98
-24 108
-24 116
-24 126
-24 134
-24 144
-24 152

21 90
21 99
21 107
21 117
21 125
21 135
21 143
21 152

-31 94
-31 112
-31 130
-31 148

28 94
28 112
28 130
28 148

-38 99
-38 107
-38 117
-38 125
-38 135
-38 143
x=36
,,